
>>> Build Index
TF-IDF Index built in 1.09809112548828125000 seconds

Cluster 	 RSS        	 Centroid Doc
0       	 0.973405     	 422
1       	 1.939847     	 3

Cluster 	 RSS        	 Centroid Doc
0       	 0.995596     	 29
1       	 1.982322     	 420

Cluster 	 RSS        	 Centroid Doc
0       	 1.006319     	 180
1       	 2.018949     	 3

Cluster 	 RSS        	 Centroid Doc
0       	 1.040891     	 29
1       	 2.019146     	 420

Cluster 	 RSS        	 Centroid Doc
0       	 1.006319     	 180
1       	 2.018949     	 3

Average RSS ( k = 2 ): 0.9979213067232229 
Clustering Time: 18.31700611114501953125 seconds

Cluster 	 RSS        	 Centroid Doc
0       	 0.964950     	 18
1       	 1.923163     	 335
2       	 2.908686     	 94

Cluster 	 RSS        	 Centroid Doc
0       	 0.981190     	 150
1       	 1.950424     	 226
2       	 2.912350     	 422

Cluster 	 RSS        	 Centroid Doc
0       	 1.002294     	 18
1       	 2.023712     	 153
2       	 2.976680     	 27

Cluster 	 RSS        	 Centroid Doc
0       	 0.977866     	 150
1       	 1.945653     	 183
2       	 2.919914     	 226

Cluster 	 RSS        	 Centroid Doc
0       	 1.003018     	 18
1       	 2.044055     	 153
2       	 3.062828     	 3

Average RSS ( k = 3 ): 0.9853638066169012 
Clustering Time: 25.48686695098876953125 seconds

Cluster 	 RSS        	 Centroid Doc
0       	 0.946760     	 27
1       	 1.884521     	 361
2       	 2.915967     	 3
3       	 3.911286     	 160

Cluster 	 RSS        	 Centroid Doc
0       	 0.975799     	 30
1       	 1.938260     	 179
2       	 2.896586     	 197
3       	 3.889344     	 164

Cluster 	 RSS        	 Centroid Doc
0       	 1.012275     	 27
1       	 1.984052     	 361
2       	 2.948806     	 3
3       	 3.910455     	 160

Cluster 	 RSS        	 Centroid Doc
0       	 0.975799     	 30
1       	 1.938260     	 179
2       	 2.896586     	 197
3       	 3.889344     	 164

Cluster 	 RSS        	 Centroid Doc
0       	 1.012275     	 27
1       	 1.984052     	 361
2       	 2.948806     	 3
3       	 3.910455     	 160

Average RSS ( k = 4 ): 0.9755442483226051 
Clustering Time: 33.99814248085021972656 seconds

Cluster 	 RSS        	 Centroid Doc
0       	 0.965363     	 371
1       	 1.914617     	 392
2       	 2.918004     	 316
3       	 3.845192     	 178
4       	 4.821695     	 30

Cluster 	 RSS        	 Centroid Doc
0       	 0.968336     	 361
1       	 1.914117     	 111
2       	 2.862901     	 49
3       	 3.842141     	 329
4       	 4.846153     	 422

Cluster 	 RSS        	 Centroid Doc
0       	 0.936627     	 81
1       	 1.889585     	 392
2       	 2.867910     	 371
3       	 3.828687     	 402
4       	 4.784619     	 35

Cluster 	 RSS        	 Centroid Doc
0       	 0.955015     	 189
1       	 1.863734     	 112
2       	 2.820763     	 275
3       	 3.780486     	 186
4       	 4.736567     	 422

Cluster 	 RSS        	 Centroid Doc
0       	 0.932965     	 30
1       	 1.934957     	 281
2       	 2.884625     	 222
3       	 3.821425     	 29
4       	 4.774857     	 190

Average RSS ( k = 5 ): 0.9585556115961383 
Clustering Time: 44.11307358741760253906 seconds

Cluster 	 RSS        	 Centroid Doc
0       	 0.952103     	 179
1       	 1.865385     	 136
2       	 2.823089     	 281
3       	 3.782072     	 364
4       	 4.703994     	 135
5       	 5.649286     	 124

Cluster 	 RSS        	 Centroid Doc
0       	 0.961209     	 274
1       	 1.915365     	 259
2       	 2.830147     	 160
3       	 3.794840     	 317
4       	 4.750392     	 275
5       	 5.690134     	 421

Cluster 	 RSS        	 Centroid Doc
0       	 1.000150     	 12
1       	 1.936849     	 179
2       	 2.845295     	 281
3       	 3.792922     	 364
4       	 4.725430     	 135
5       	 5.710929     	 164

Cluster 	 RSS        	 Centroid Doc
0       	 0.957167     	 259
1       	 1.913852     	 45
2       	 2.819725     	 30
3       	 3.782546     	 361
4       	 4.737764     	 395
5       	 5.673523     	 56

Cluster 	 RSS        	 Centroid Doc
0       	 0.946082     	 236
1       	 1.926217     	 50
2       	 2.871311     	 281
3       	 3.804456     	 364
4       	 4.753849     	 408
5       	 5.706632     	 118

Average RSS ( k = 6 ): 0.9476834528130137 
Clustering Time: 53.61464834213256835938 seconds

Cluster 	 RSS        	 Centroid Doc
0       	 0.913394     	 361
1       	 1.850490     	 164
2       	 2.790227     	 124
3       	 3.827039     	 319
4       	 4.668755     	 236
5       	 5.621204     	 365
6       	 6.481480     	 22

Cluster 	 RSS        	 Centroid Doc
0       	 0.934286     	 94
1       	 1.878565     	 243
2       	 2.818228     	 153
3       	 3.771520     	 67
4       	 4.716805     	 80
5       	 5.664026     	 196
6       	 6.635013     	 14

Cluster 	 RSS        	 Centroid Doc
0       	 0.923311     	 319
1       	 1.866121     	 164
2       	 2.793556     	 96
3       	 3.724159     	 212
4       	 4.708546     	 124
5       	 5.647402     	 365
6       	 6.589084     	 236

Cluster 	 RSS        	 Centroid Doc
0       	 0.947142     	 94
1       	 1.889376     	 14
2       	 2.844965     	 62
3       	 3.808781     	 67
4       	 4.734576     	 189
5       	 5.682573     	 196
6       	 6.624644     	 80

Cluster 	 RSS        	 Centroid Doc
0       	 0.923187     	 319
1       	 1.874568     	 236
2       	 2.862347     	 361
3       	 3.795321     	 212
4       	 4.638022     	 175
5       	 5.582107     	 375
6       	 6.579171     	 96

Average RSS ( k = 7 ): 0.9402683332974016 
Clustering Time: 62.60863089561462402344 seconds

Cluster 	 RSS        	 Centroid Doc
0       	 0.952308     	 84
1       	 1.900655     	 79
2       	 2.842000     	 124
3       	 3.822639     	 335
4       	 4.618609     	 221
5       	 5.511984     	 22
6       	 6.439941     	 284
7       	 7.465435     	 250

Cluster 	 RSS        	 Centroid Doc
0       	 0.927110     	 234
1       	 1.873942     	 21
2       	 2.797639     	 189
3       	 3.729263     	 122
4       	 4.672148     	 345
5       	 5.625532     	 71
6       	 6.599567     	 36
7       	 7.536463     	 27

Cluster 	 RSS        	 Centroid Doc
0       	 0.942685     	 284
1       	 1.992860     	 219
2       	 2.871011     	 66
3       	 3.788986     	 317
4       	 4.763113     	 281
5       	 5.693845     	 124
6       	 6.635605     	 408
7       	 7.554038     	 392

Cluster 	 RSS        	 Centroid Doc
0       	 0.965316     	 21
1       	 1.902485     	 30
2       	 2.868240     	 329
3       	 3.816389     	 153
4       	 4.680205     	 216
5       	 5.613514     	 186
6       	 6.564382     	 39
7       	 7.492255     	 103

Cluster 	 RSS        	 Centroid Doc
0       	 1.056986     	 316
1       	 2.016456     	 219
2       	 2.946318     	 111
3       	 3.882501     	 71
4       	 4.806675     	 392
5       	 5.715068     	 124
6       	 6.638495     	 408
7       	 7.584623     	 12

Average RSS ( k = 8 ): 0.9408203464638032 
Clustering Time: 71.42509102821350097656 seconds

Cluster 	 RSS        	 Centroid Doc
0       	 0.928384     	 122
1       	 1.675457     	 101
2       	 2.564412     	 301
3       	 3.583951     	 420
4       	 4.477233     	 150
5       	 5.377951     	 124
6       	 6.298993     	 213
7       	 7.199714     	 103
8       	 8.060191     	 362

Cluster 	 RSS        	 Centroid Doc
0       	 0.915884     	 275
1       	 1.848972     	 84
2       	 2.789478     	 208
3       	 3.741246     	 199
4       	 4.700375     	 194
5       	 5.606495     	 370
6       	 6.538877     	 126
7       	 7.465324     	 380
8       	 8.386315     	 63

Cluster 	 RSS        	 Centroid Doc
0       	 0.899774     	 384
1       	 1.802381     	 101
2       	 2.736943     	 110
3       	 3.621162     	 281
4       	 4.626540     	 150
5       	 5.589905     	 94
6       	 6.491904     	 108
7       	 7.413928     	 365
8       	 8.354436     	 259

Cluster 	 RSS        	 Centroid Doc
0       	 0.938196     	 80
1       	 1.876309     	 10
2       	 2.811563     	 127
3       	 3.690065     	 233
4       	 4.659657     	 124
5       	 5.555127     	 29
6       	 6.518358     	 212
7       	 7.454423     	 63
8       	 8.371723     	 50

Cluster 	 RSS        	 Centroid Doc
0       	 0.964130     	 384
1       	 1.934421     	 101
2       	 2.882235     	 365
3       	 3.825079     	 281
4       	 4.716705     	 150
5       	 5.642168     	 94
6       	 6.537567     	 108
7       	 7.475246     	 259
8       	 8.367464     	 122

Average RSS ( k = 9 ): 0.9231139542206026 
Clustering Time: 80.44894003868103027344 seconds

Cluster 	 RSS        	 Centroid Doc
0       	 0.950686     	 124
1       	 1.904762     	 361
2       	 2.843261     	 236
3       	 3.771014     	 91
4       	 4.669179     	 44
5       	 5.583101     	 207
6       	 6.502338     	 86
7       	 7.413921     	 222
8       	 8.254910     	 392
9       	 9.190805     	 408

Cluster 	 RSS        	 Centroid Doc
0       	 0.901655     	 171
1       	 1.790768     	 290
2       	 2.704864     	 129
3       	 3.635294     	 196
4       	 4.579192     	 189
5       	 5.504421     	 164
6       	 6.556142     	 319
7       	 7.475209     	 14
8       	 8.365735     	 249
9       	 9.296894     	 397

Cluster 	 RSS        	 Centroid Doc
0       	 0.842093     	 29
1       	 1.797086     	 236
2       	 2.692671     	 27
3       	 3.608569     	 91
4       	 4.402784     	 108
5       	 5.314879     	 124
6       	 6.235576     	 183
7       	 7.161231     	 57
8       	 8.094171     	 61
9       	 9.056923     	 86

Cluster 	 RSS        	 Centroid Doc
0       	 0.941372     	 142
1       	 1.840950     	 275
2       	 2.768642     	 392
3       	 3.689961     	 219
4       	 4.619162     	 126
5       	 5.527300     	 58
6       	 6.504723     	 281
7       	 7.471024     	 128
8       	 8.391893     	 249
9       	 9.437978     	 362

Cluster 	 RSS        	 Centroid Doc
0       	 0.932528     	 399
1       	 1.865263     	 183
2       	 2.769556     	 27
3       	 3.695701     	 226
4       	 4.632457     	 29
5       	 5.556079     	 200
6       	 6.419513     	 250
7       	 7.355538     	 136
8       	 8.296453     	 61
9       	 9.235053     	 233

Average RSS ( k = 10 ): 0.9243530578607349 
Clustering Time: 89.34516239166259765625 seconds

Cluster 	 RSS        	 Centroid Doc
0       	 0.850292     	 222
1       	 1.735686     	 150
2       	 2.647357     	 136
3       	 3.560983     	 81
4       	 4.489078     	 189
5       	 5.406597     	 180
6       	 6.290051     	 209
7       	 7.250478     	 319
8       	 8.176934     	 236
9       	 9.102931     	 62
10       	 10.014363     	 43

Cluster 	 RSS        	 Centroid Doc
0       	 0.917797     	 82
1       	 1.879243     	 109
2       	 2.786436     	 105
3       	 3.701497     	 29
4       	 4.616120     	 186
5       	 5.557558     	 281
6       	 6.525210     	 239
7       	 7.421992     	 164
8       	 8.327033     	 335
9       	 9.290865     	 388
10       	 10.227576     	 3

Cluster 	 RSS        	 Centroid Doc
0       	 0.929895     	 236
1       	 1.866249     	 238
2       	 2.792502     	 136
3       	 3.706055     	 241
4       	 4.617321     	 180
5       	 5.097767     	 173
6       	 6.031883     	 209
7       	 6.901135     	 319
8       	 7.795040     	 198
9       	 8.800518     	 421
10       	 9.679570     	 391

Cluster 	 RSS        	 Centroid Doc
0       	 0.912693     	 124
1       	 1.873840     	 84
2       	 2.781769     	 56
3       	 3.650639     	 164
4       	 4.573065     	 186
5       	 5.527028     	 97
6       	 6.476208     	 364
7       	 7.364233     	 322
8       	 8.302809     	 171
9       	 9.253059     	 189
10       	 10.152949     	 153

Cluster 	 RSS        	 Centroid Doc
0       	 0.898225     	 236
1       	 1.826388     	 361
2       	 2.754014     	 198
3       	 3.651600     	 241
4       	 4.549795     	 401
5       	 5.490353     	 200
6       	 6.418618     	 419
7       	 7.439287     	 222
8       	 8.352413     	 35
9       	 9.254926     	 346
10       	 10.183086     	 30

Average RSS ( k = 11 ): 0.9137735196834811 
Clustering Time: 98.13067197799682617188 seconds

Cluster 	 RSS        	 Centroid Doc
0       	 0.796398     	 3
1       	 1.692838     	 204
2       	 2.542639     	 83
3       	 3.401100     	 200
4       	 4.292122     	 392
5       	 5.120246     	 136
6       	 5.962480     	 346
7       	 6.925087     	 259
8       	 7.778911     	 61
9       	 8.682265     	 247
10       	 9.383967     	 179
11       	 10.409568     	 124

Cluster 	 RSS        	 Centroid Doc
0       	 0.919026     	 384
1       	 1.865600     	 160
2       	 2.785243     	 219
3       	 3.712389     	 362
4       	 4.619979     	 324
5       	 5.537285     	 241
6       	 6.471356     	 2
7       	 7.391177     	 257
8       	 8.307155     	 275
9       	 9.225722     	 58
10       	 10.162347     	 199
11       	 11.063102     	 171

Cluster 	 RSS        	 Centroid Doc
0       	 0.926364     	 71
1       	 1.785738     	 183
2       	 2.695891     	 196
3       	 3.619629     	 104
4       	 4.540161     	 109
5       	 5.476357     	 6
6       	 6.413702     	 200
7       	 7.359280     	 356
8       	 8.259975     	 61
9       	 9.187630     	 3
10       	 10.109952     	 361
11       	 10.949460     	 233

Cluster 	 RSS        	 Centroid Doc
0       	 0.909194     	 164
1       	 1.847586     	 275
2       	 2.745101     	 219
3       	 3.643930     	 199
4       	 4.579482     	 281
5       	 5.522363     	 373
6       	 6.428265     	 331
7       	 7.344851     	 58
8       	 8.255104     	 236
9       	 9.147209     	 124
10       	 10.002987     	 128
11       	 10.951210     	 335

Cluster 	 RSS        	 Centroid Doc
0       	 0.896159     	 71
1       	 1.783180     	 186
2       	 2.673634     	 196
3       	 3.598029     	 108
4       	 4.449762     	 211
5       	 5.398541     	 233
6       	 6.334476     	 35
7       	 7.229999     	 109
8       	 8.143580     	 126
9       	 9.024053     	 104
10       	 9.933743     	 361
11       	 10.843825     	 34

Average RSS ( k = 12 ): 0.9036194109719726 
Clustering Time: 107.26226234436035156250 seconds

Cluster 	 RSS        	 Centroid Doc
0       	 0.908825     	 241
1       	 1.788054     	 23
2       	 2.608280     	 319
3       	 3.531666     	 67
4       	 4.478500     	 62
5       	 5.329762     	 281
6       	 6.011865     	 186
7       	 6.840935     	 189
8       	 7.663760     	 111
9       	 8.454376     	 153
10       	 9.330968     	 275
11       	 10.197120     	 108
12       	 11.064358     	 316

Cluster 	 RSS        	 Centroid Doc
0       	 0.973989     	 49
1       	 1.919385     	 50
2       	 2.840769     	 259
3       	 3.747631     	 180
4       	 4.712927     	 66
5       	 5.628447     	 58
6       	 6.542518     	 262
7       	 7.431794     	 309
8       	 8.353233     	 136
9       	 9.286954     	 39
10       	 10.190415     	 219
11       	 11.134096     	 336
12       	 12.039062     	 118

Cluster 	 RSS        	 Centroid Doc
0       	 0.915015     	 79
1       	 1.821951     	 72
2       	 2.716460     	 319
3       	 3.643112     	 186
4       	 4.572269     	 23
5       	 5.467842     	 281
6       	 6.379783     	 275
7       	 7.326062     	 324
8       	 8.192831     	 241
9       	 9.104290     	 153
10       	 9.998894     	 45
11       	 10.929236     	 17
12       	 11.834493     	 242

Cluster 	 RSS        	 Centroid Doc
0       	 0.911264     	 49
1       	 1.895283     	 309
2       	 2.813775     	 3
3       	 3.708254     	 352
4       	 4.638344     	 365
5       	 5.514949     	 248
6       	 6.402353     	 32
7       	 7.302258     	 379
8       	 8.225730     	 231
9       	 9.147050     	 313
10       	 10.117366     	 65
11       	 11.026051     	 196
12       	 11.952145     	 82

Cluster 	 RSS        	 Centroid Doc
0       	 0.904370     	 45
1       	 1.831657     	 189
2       	 2.659996     	 319
3       	 3.564384     	 79
4       	 4.466884     	 72
5       	 5.371672     	 259
6       	 6.308386     	 281
7       	 7.223028     	 62
8       	 8.143841     	 241
9       	 9.083029     	 153
10       	 9.984869     	 382
11       	 10.843741     	 17
12       	 11.749982     	 160

Average RSS ( k = 13 ): 0.9021544752045362 
Clustering Time: 116.13753366470336914062 seconds

Cluster 	 RSS        	 Centroid Doc
0       	 0.937875     	 207
1       	 1.705569     	 179
2       	 2.469398     	 146
3       	 3.312947     	 28
4       	 4.224349     	 316
5       	 5.144210     	 124
6       	 6.027738     	 361
7       	 6.900789     	 62
8       	 7.841160     	 2
9       	 8.645835     	 391
10       	 9.515113     	 15
11       	 10.359256     	 59
12       	 11.310519     	 204
13       	 12.192930     	 259

Cluster 	 RSS        	 Centroid Doc
0       	 0.918677     	 236
1       	 1.838792     	 363
2       	 2.764181     	 208
3       	 3.699203     	 241
4       	 4.587789     	 405
5       	 5.455724     	 189
6       	 6.292178     	 122
7       	 7.232416     	 422
8       	 8.133414     	 224
9       	 9.043624     	 131
10       	 9.963408     	 384
11       	 10.881841     	 67
12       	 11.812755     	 324
13       	 12.677951     	 257

Cluster 	 RSS        	 Centroid Doc
0       	 0.870973     	 207
1       	 1.781890     	 179
2       	 2.702447     	 225
3       	 3.575540     	 44
4       	 4.503326     	 28
5       	 5.340017     	 94
6       	 6.244402     	 125
7       	 7.132619     	 58
8       	 8.091195     	 109
9       	 9.011042     	 104
10       	 9.918595     	 281
11       	 10.779984     	 59
12       	 11.689884     	 392
13       	 12.601189     	 124

Cluster 	 RSS        	 Centroid Doc
0       	 0.885261     	 160
1       	 1.800600     	 123
2       	 2.744732     	 107
3       	 3.677147     	 108
4       	 4.605753     	 399
5       	 5.499586     	 189
6       	 6.413071     	 242
7       	 7.330096     	 257
8       	 8.261496     	 361
9       	 9.158531     	 133
10       	 9.918860     	 164
11       	 10.838641     	 268
12       	 11.731426     	 324
13       	 12.602118     	 171

Cluster 	 RSS        	 Centroid Doc
0       	 0.908251     	 207
1       	 1.851735     	 179
2       	 2.788746     	 56
3       	 3.668558     	 83
4       	 4.583283     	 28
5       	 5.419850     	 24
6       	 6.349926     	 27
7       	 7.282977     	 40
8       	 8.144320     	 405
9       	 9.077522     	 124
10       	 9.995544     	 44
11       	 10.976413     	 59
12       	 11.895349     	 51
13       	 12.786113     	 170

Average RSS ( k = 14 ): 0.8980042958709324 
Clustering Time: 125.01181030273437500000 seconds

Cluster 	 RSS        	 Centroid Doc
0       	 0.827027     	 236
1       	 1.723078     	 83
2       	 2.490655     	 222
3       	 3.398537     	 125
4       	 4.224842     	 207
5       	 5.018855     	 58
6       	 5.953588     	 395
7       	 6.809694     	 335
8       	 7.676575     	 199
9       	 8.593188     	 136
10       	 9.454622     	 228
11       	 10.343636     	 364
12       	 11.154555     	 238
13       	 12.049558     	 368
14       	 12.998771     	 219

Cluster 	 RSS        	 Centroid Doc
0       	 0.886782     	 346
1       	 1.795240     	 28
2       	 2.707077     	 259
3       	 3.609970     	 221
4       	 4.507545     	 375
5       	 5.420250     	 317
6       	 6.320933     	 29
7       	 7.217208     	 88
8       	 8.131846     	 209
9       	 9.052777     	 113
10       	 9.983327     	 363
11       	 10.876826     	 186
12       	 11.860982     	 160
13       	 12.802297     	 189
14       	 13.702911     	 257

Cluster 	 RSS        	 Centroid Doc
0       	 0.880635     	 339
1       	 1.747816     	 178
2       	 2.640829     	 58
3       	 3.551190     	 392
4       	 4.463628     	 281
5       	 5.350648     	 386
6       	 6.255201     	 395
7       	 7.259167     	 212
8       	 8.203048     	 364
9       	 9.095524     	 136
10       	 9.971915     	 299
11       	 10.800025     	 103
12       	 11.684656     	 82
13       	 12.512697     	 324
14       	 13.429310     	 219

Cluster 	 RSS        	 Centroid Doc
0       	 0.929942     	 238
1       	 1.832508     	 28
2       	 2.731326     	 217
3       	 3.572720     	 390
4       	 4.211681     	 164
5       	 5.128691     	 316
6       	 6.016001     	 29
7       	 6.924125     	 79
8       	 7.801470     	 126
9       	 8.716785     	 361
10       	 9.653029     	 275
11       	 10.584912     	 259
12       	 11.497063     	 375
13       	 12.400387     	 35
14       	 13.293039     	 191

Cluster 	 RSS        	 Centroid Doc
0       	 0.926696     	 200
1       	 1.815740     	 178
2       	 2.737735     	 58
3       	 3.671282     	 76
4       	 4.540212     	 135
5       	 5.403476     	 179
6       	 6.307849     	 395
7       	 7.223689     	 97
8       	 8.093443     	 364
9       	 8.957448     	 136
10       	 9.854519     	 422
11       	 10.736643     	 3
12       	 11.645205     	 49
13       	 12.548851     	 339
14       	 13.474873     	 212

Average RSS ( k = 15 ): 0.8919853759260665 
Clustering Time: 134.12844324111938476562 seconds

Cluster 	 RSS        	 Centroid Doc
0       	 0.874751     	 83
1       	 1.766390     	 216
2       	 2.589146     	 354
3       	 3.524055     	 27
4       	 4.406622     	 391
5       	 5.292335     	 94
6       	 6.106003     	 361
7       	 7.018260     	 183
8       	 7.817180     	 281
9       	 8.650285     	 108
10       	 9.540240     	 122
11       	 10.485596     	 392
12       	 11.366521     	 20
13       	 12.121319     	 277
14       	 13.018613     	 142
15       	 13.909772     	 319

Cluster 	 RSS        	 Centroid Doc
0       	 0.861074     	 395
1       	 1.739582     	 266
2       	 2.683071     	 334
3       	 3.555123     	 286
4       	 4.463870     	 367
5       	 5.360329     	 2
6       	 6.213637     	 380
7       	 7.180904     	 66
8       	 7.978416     	 12
9       	 8.911235     	 149
10       	 9.794199     	 56
11       	 10.660634     	 324
12       	 11.608380     	 298
13       	 12.548285     	 343
14       	 13.451252     	 153
15       	 14.346833     	 362

Cluster 	 RSS        	 Centroid Doc
0       	 0.826419     	 171
1       	 1.767169     	 189
2       	 2.688932     	 122
3       	 3.601935     	 27
4       	 4.467000     	 391
5       	 5.247930     	 94
6       	 6.097674     	 216
7       	 6.988172     	 20
8       	 7.839024     	 83
9       	 8.788898     	 108
10       	 9.677655     	 190
11       	 10.558589     	 392
12       	 11.441576     	 145
13       	 12.341190     	 277
14       	 13.228740     	 91
15       	 14.138175     	 319

Cluster 	 RSS        	 Centroid Doc
0       	 0.881328     	 2
1       	 1.737154     	 324
2       	 2.619413     	 196
3       	 3.513512     	 238
4       	 4.427373     	 367
5       	 5.290968     	 59
6       	 6.171579     	 7
7       	 7.099838     	 356
8       	 7.989582     	 28
9       	 8.918493     	 221
10       	 9.833661     	 84
11       	 10.724202     	 179
12       	 11.636556     	 397
13       	 12.575294     	 343
14       	 13.493896     	 153
15       	 14.393138     	 394

Cluster 	 RSS        	 Centroid Doc
0       	 0.890652     	 281
1       	 1.813208     	 392
2       	 2.682090     	 302
3       	 3.574294     	 160
4       	 4.466285     	 391
5       	 5.385955     	 365
6       	 6.289457     	 82
7       	 7.145439     	 257
8       	 7.999191     	 128
9       	 8.910935     	 361
10       	 9.749574     	 363
11       	 10.619369     	 166
12       	 11.547468     	 231
13       	 12.500922     	 96
14       	 13.381104     	 109
15       	 14.334750     	 422

Average RSS ( k = 16 ): 0.8890333567777093 
Clustering Time: 143.09646892547607421875 seconds

Cluster 	 RSS        	 Centroid Doc
0       	 0.880474     	 219
1       	 1.759314     	 301
2       	 2.654187     	 199
3       	 3.503181     	 124
4       	 4.351295     	 178
5       	 5.188940     	 281
6       	 6.128991     	 197
7       	 6.814970     	 56
8       	 7.742529     	 284
9       	 8.645453     	 216
10       	 9.512334     	 36
11       	 10.358624     	 61
12       	 11.282741     	 236
13       	 12.149035     	 160
14       	 13.049077     	 3
15       	 13.900493     	 104
16       	 14.819589     	 136

Cluster 	 RSS        	 Centroid Doc
0       	 0.874036     	 257
1       	 1.800561     	 84
2       	 2.711772     	 324
3       	 3.596679     	 316
4       	 4.519928     	 335
5       	 5.002888     	 267
6       	 5.914467     	 183
7       	 6.810872     	 186
8       	 7.758899     	 396
9       	 8.649525     	 419
10       	 9.588874     	 67
11       	 10.501293     	 81
12       	 11.362851     	 156
13       	 12.261287     	 171
14       	 13.103198     	 139
15       	 14.003419     	 417
16       	 14.903125     	 50

Cluster 	 RSS        	 Centroid Doc
0       	 0.899245     	 36
1       	 1.762960     	 411
2       	 2.665418     	 392
3       	 3.548861     	 124
4       	 4.406301     	 178
5       	 5.336155     	 212
6       	 6.212990     	 160
7       	 7.020376     	 301
8       	 7.860035     	 390
9       	 8.748995     	 361
10       	 9.626407     	 152
11       	 10.503239     	 61
12       	 11.465627     	 299
13       	 12.290210     	 365
14       	 13.205300     	 284
15       	 14.124748     	 142
16       	 14.995800     	 136

Cluster 	 RSS        	 Centroid Doc
0       	 0.914499     	 128
1       	 1.824978     	 50
2       	 2.657718     	 249
3       	 3.476767     	 3
4       	 4.370379     	 7
5       	 5.249390     	 108
6       	 6.149009     	 183
7       	 7.043234     	 186
8       	 7.974155     	 419
9       	 8.833527     	 413
10       	 9.759452     	 48
11       	 10.605815     	 287
12       	 11.533810     	 164
13       	 12.437608     	 103
14       	 13.357229     	 139
15       	 14.238739     	 213
16       	 15.061784     	 180

Cluster 	 RSS        	 Centroid Doc
0       	 0.858167     	 135
1       	 1.748839     	 390
2       	 2.661306     	 212
3       	 3.494291     	 124
4       	 4.310572     	 79
5       	 5.194697     	 107
6       	 6.057215     	 160
7       	 6.892672     	 275
8       	 7.786960     	 111
9       	 8.699251     	 142
10       	 9.640639     	 299
11       	 10.526765     	 131
12       	 11.354741     	 96
13       	 12.245318     	 178
14       	 13.165062     	 236
15       	 14.053572     	 118
16       	 14.959186     	 421

Average RSS ( k = 17 ): 0.8792880421481482 
Clustering Time: 151.90591764450073242188 seconds

Cluster 	 RSS        	 Centroid Doc
0       	 0.892768     	 250
1       	 1.793281     	 361
2       	 2.579751     	 94
3       	 3.205916     	 44
4       	 4.021679     	 380
5       	 4.893504     	 356
6       	 5.767456     	 367
7       	 6.673165     	 364
8       	 7.596275     	 186
9       	 8.490995     	 422
10       	 9.420153     	 371
11       	 10.189582     	 216
12       	 11.004938     	 386
13       	 11.969997     	 200
14       	 12.895653     	 236
15       	 13.653470     	 264
16       	 14.576770     	 3
17       	 15.442878     	 73

Cluster 	 RSS        	 Centroid Doc
0       	 0.890033     	 322
1       	 1.736412     	 136
2       	 2.595432     	 219
3       	 3.516247     	 105
4       	 4.430783     	 375
5       	 5.338142     	 125
6       	 6.233843     	 391
7       	 7.113951     	 280
8       	 7.987255     	 110
9       	 8.889416     	 268
10       	 9.784118     	 107
11       	 10.675253     	 67
12       	 11.581881     	 319
13       	 12.483252     	 183
14       	 13.363139     	 405
15       	 14.295030     	 420
16       	 15.155070     	 258
17       	 16.070419     	 392

Cluster 	 RSS        	 Centroid Doc
0       	 0.930477     	 371
1       	 1.810805     	 138
2       	 2.695539     	 80
3       	 3.591706     	 84
4       	 4.452848     	 380
5       	 5.279173     	 119
6       	 6.157867     	 403
7       	 7.122912     	 386
8       	 8.034748     	 200
9       	 8.948161     	 3
10       	 9.879612     	 275
11       	 10.743433     	 317
12       	 11.599447     	 316
13       	 12.474567     	 124
14       	 13.349774     	 216
15       	 14.238212     	 264
16       	 15.138870     	 189
17       	 15.984905     	 73

Cluster 	 RSS        	 Centroid Doc
0       	 0.893142     	 140
1       	 1.820067     	 375
2       	 2.729729     	 219
3       	 3.581821     	 66
4       	 4.477731     	 58
5       	 5.399837     	 107
6       	 6.332029     	 191
7       	 7.208178     	 280
8       	 8.083279     	 183
9       	 8.968947     	 259
10       	 9.700894     	 169
11       	 10.596545     	 197
12       	 11.472310     	 405
13       	 12.321959     	 395
14       	 13.177034     	 262
15       	 14.097964     	 420
16       	 14.847054     	 249
17       	 15.747396     	 392

Cluster 	 RSS        	 Centroid Doc
0       	 0.896069     	 96
1       	 1.770827     	 396
2       	 2.586294     	 80
3       	 3.481737     	 23
4       	 4.319546     	 39
5       	 5.243452     	 206
6       	 6.143922     	 414
7       	 7.096560     	 386
8       	 7.979010     	 67
9       	 8.812541     	 61
10       	 9.877702     	 250
11       	 10.766501     	 422
12       	 11.571565     	 316
13       	 12.401555     	 324
14       	 13.248071     	 374
15       	 14.038853     	 264
16       	 14.950852     	 371
17       	 15.776388     	 73

Average RSS ( k = 18 ): 0.8780220686582076 
Clustering Time: 160.87494373321533203125 seconds

Cluster 	 RSS        	 Centroid Doc
0       	 0.601120     	 100
1       	 1.371439     	 275
2       	 2.187155     	 27
3       	 3.091982     	 58
4       	 3.985760     	 36
5       	 4.799780     	 384
6       	 5.650390     	 111
7       	 6.503260     	 316
8       	 7.385151     	 7
9       	 8.380875     	 216
10       	 9.216861     	 157
11       	 10.052504     	 236
12       	 10.901759     	 281
13       	 11.617532     	 319
14       	 12.499417     	 3
15       	 13.309608     	 200
16       	 14.116870     	 361
17       	 14.994833     	 164
18       	 15.798924     	 189

Cluster 	 RSS        	 Centroid Doc
0       	 0.956215     	 153
1       	 1.807460     	 363
2       	 2.669288     	 301
3       	 3.553504     	 356
4       	 4.474496     	 28
5       	 5.390607     	 84
6       	 6.295612     	 126
7       	 7.083022     	 255
8       	 7.975174     	 180
9       	 8.727845     	 282
10       	 9.658122     	 57
11       	 10.526472     	 408
12       	 11.390483     	 125
13       	 12.270996     	 284
14       	 13.137597     	 61
15       	 14.043476     	 396
16       	 14.844553     	 346
17       	 15.709433     	 336
18       	 16.498896     	 80

Cluster 	 RSS        	 Centroid Doc
0       	 0.872938     	 117
1       	 1.770449     	 275
2       	 2.657847     	 236
3       	 3.275257     	 195
4       	 4.179923     	 67
5       	 4.991220     	 131
6       	 5.802574     	 241
7       	 6.725527     	 58
8       	 7.618413     	 7
9       	 8.523015     	 3
10       	 9.421545     	 82
11       	 10.305266     	 371
12       	 11.186589     	 281
13       	 12.056172     	 319
14       	 12.902873     	 94
15       	 13.792972     	 400
16       	 14.634148     	 51
17       	 15.553539     	 171
18       	 16.476062     	 148

Cluster 	 RSS        	 Centroid Doc
0       	 0.921404     	 153
1       	 1.754799     	 223
2       	 2.615428     	 151
3       	 3.539344     	 284
4       	 4.403386     	 209
5       	 5.310178     	 81
6       	 6.216251     	 126
7       	 7.065198     	 179
8       	 7.941962     	 298
9       	 8.748059     	 124
10       	 9.638035     	 57
11       	 10.525506     	 363
12       	 11.288454     	 164
13       	 12.143799     	 213
14       	 13.009749     	 61
15       	 13.931949     	 18
16       	 14.836662     	 361
17       	 15.674146     	 50
18       	 16.609335     	 136

Cluster 	 RSS        	 Centroid Doc
0       	 0.903526     	 371
1       	 1.811599     	 67
2       	 2.715535     	 396
3       	 3.630296     	 129
4       	 4.549617     	 391
5       	 5.453382     	 131
6       	 6.307833     	 241
7       	 7.184705     	 392
8       	 8.088608     	 212
9       	 8.959341     	 118
10       	 9.902834     	 82
11       	 10.803593     	 309
12       	 11.635941     	 281
13       	 12.506691     	 219
14       	 13.369359     	 94
15       	 14.272859     	 189
16       	 14.993186     	 216
17       	 15.883276     	 171
18       	 16.659284     	 272

Average RSS ( k = 19 ): 0.8636052638890346 
Clustering Time: 169.75918960571289062500 seconds

Cluster 	 RSS        	 Centroid Doc
0       	 0.868315     	 225
1       	 1.680600     	 346
2       	 2.494741     	 380
3       	 3.399464     	 104
4       	 4.167654     	 222
5       	 4.960629     	 237
6       	 5.796784     	 65
7       	 6.659125     	 190
8       	 7.535659     	 361
9       	 8.394335     	 200
10       	 9.262238     	 364
11       	 10.146874     	 71
12       	 11.046377     	 281
13       	 11.960317     	 61
14       	 12.869639     	 186
15       	 13.665601     	 83
16       	 14.541138     	 197
17       	 15.418378     	 395
18       	 16.211731     	 111
19       	 17.053723     	 164

Cluster 	 RSS        	 Centroid Doc
0       	 0.925461     	 8
1       	 1.793322     	 414
2       	 2.678057     	 80
3       	 3.537982     	 27
4       	 4.438521     	 118
5       	 5.366976     	 67
6       	 6.274531     	 219
7       	 7.182233     	 401
8       	 8.008306     	 23
9       	 8.895194     	 207
10       	 9.791577     	 224
11       	 10.691256     	 189
12       	 11.447089     	 125
13       	 12.296307     	 259
14       	 13.185184     	 363
15       	 14.062685     	 28
16       	 14.959698     	 422
17       	 15.830147     	 365
18       	 16.704805     	 233
19       	 17.570008     	 105

Cluster 	 RSS        	 Centroid Doc
0       	 0.884326     	 66
1       	 1.744118     	 71
2       	 2.649422     	 380
3       	 3.470933     	 3
4       	 4.369039     	 124
5       	 5.253415     	 135
6       	 6.078792     	 7
7       	 7.001939     	 186
8       	 7.904621     	 122
9       	 8.759271     	 190
10       	 9.685260     	 247
11       	 10.500329     	 216
12       	 11.396470     	 83
13       	 12.169144     	 61
14       	 13.002361     	 405
15       	 13.886450     	 128
16       	 14.781592     	 197
17       	 15.637287     	 395
18       	 16.533021     	 65
19       	 17.426397     	 164

Cluster 	 RSS        	 Centroid Doc
0       	 0.911831     	 25
1       	 1.795442     	 286
2       	 2.701734     	 367
3       	 3.537649     	 27
4       	 4.409806     	 390
5       	 5.321208     	 223
6       	 6.223949     	 421
7       	 7.102515     	 308
8       	 7.950761     	 215
9       	 8.861367     	 250
10       	 9.757077     	 58
11       	 10.640639     	 262
12       	 11.527849     	 107
13       	 12.396643     	 91
14       	 13.324506     	 146
15       	 14.218033     	 212
16       	 15.103547     	 209
17       	 15.968294     	 324
18       	 16.885668     	 371
19       	 17.754467     	 319

Cluster 	 RSS        	 Centroid Doc
0       	 0.928183     	 126
1       	 1.876145     	 405
2       	 2.679673     	 151
3       	 3.524560     	 3
4       	 4.421503     	 124
5       	 5.261492     	 183
6       	 6.051483     	 257
7       	 6.957559     	 135
8       	 7.870229     	 346
9       	 8.753902     	 65
10       	 9.539656     	 247
11       	 10.421362     	 66
12       	 11.295953     	 108
13       	 12.178478     	 61
14       	 13.080033     	 164
15       	 13.911795     	 16
16       	 14.749100     	 197
17       	 15.631258     	 380
18       	 16.519212     	 353
19       	 17.314535     	 337

Average RSS ( k = 20 ): 0.8711912957851788 
Clustering Time: 178.51677989959716796875 seconds

Cluster 	 RSS        	 Centroid Doc
0       	 0.920609     	 142
1       	 1.762965     	 236
2       	 2.578857     	 361
3       	 3.421913     	 66
4       	 4.295533     	 152
5       	 5.043402     	 216
6       	 5.981522     	 364
7       	 6.767976     	 221
8       	 7.626443     	 247
9       	 8.503905     	 104
10       	 9.375592     	 259
11       	 10.222142     	 65
12       	 10.999704     	 249
13       	 11.878781     	 190
14       	 12.768111     	 162
15       	 13.578117     	 320
16       	 14.470432     	 385
17       	 15.369638     	 367
18       	 16.186091     	 34
19       	 17.078011     	 395
20       	 17.865907     	 316

Cluster 	 RSS        	 Centroid Doc
0       	 0.885100     	 58
1       	 1.685375     	 285
2       	 2.503879     	 23
3       	 3.390752     	 92
4       	 4.296597     	 420
5       	 5.119511     	 113
6       	 5.998746     	 108
7       	 6.869778     	 335
8       	 7.749342     	 83
9       	 8.606231     	 153
10       	 9.460325     	 8
11       	 10.358714     	 39
12       	 11.267658     	 186
13       	 12.169530     	 281
14       	 13.042431     	 61
15       	 13.955613     	 363
16       	 14.896097     	 421
17       	 15.789246     	 219
18       	 16.692980     	 208
19       	 17.503766     	 321
20       	 18.342127     	 29

Cluster 	 RSS        	 Centroid Doc
0       	 0.835123     	 142
1       	 1.743289     	 71
2       	 2.627570     	 189
3       	 3.527399     	 402
4       	 4.402422     	 67
5       	 5.299160     	 175
6       	 6.189673     	 339
7       	 7.045624     	 217
8       	 7.906613     	 50
9       	 8.752244     	 104
10       	 9.643943     	 66
11       	 10.512537     	 141
12       	 11.380573     	 346
13       	 12.210519     	 164
14       	 12.928116     	 221
15       	 13.815129     	 84
16       	 14.715020     	 178
17       	 15.539601     	 367
18       	 16.456176     	 136
19       	 17.382314     	 126
20       	 18.274534     	 316

Cluster 	 RSS        	 Centroid Doc
0       	 0.838581     	 102
1       	 1.707775     	 290
2       	 2.553100     	 160
3       	 3.474658     	 219
4       	 4.368424     	 14
5       	 5.275037     	 3
6       	 6.161239     	 108
7       	 7.062378     	 216
8       	 7.931871     	 2
9       	 8.816279     	 391
10       	 9.708338     	 8
11       	 10.640289     	 204
12       	 11.447665     	 186
13       	 12.168559     	 83
14       	 13.037559     	 236
15       	 13.906945     	 285
16       	 14.774157     	 262
17       	 15.667602     	 244
18       	 16.534707     	 107
19       	 17.291516     	 109
20       	 18.113750     	 209

Cluster 	 RSS        	 Centroid Doc
0       	 0.912964     	 346
1       	 1.826080     	 71
2       	 2.660861     	 189
3       	 3.470068     	 402
4       	 4.372754     	 419
5       	 5.192276     	 124
6       	 6.097872     	 213
7       	 6.960521     	 104
8       	 7.859714     	 60
9       	 8.702292     	 375
10       	 9.569369     	 225
11       	 10.443446     	 178
12       	 11.232737     	 18
13       	 12.101737     	 164
14       	 12.880219     	 365
15       	 13.771396     	 84
16       	 14.638711     	 66
17       	 15.560666     	 241
18       	 16.461897     	 136
19       	 17.361401     	 392
20       	 18.288523     	 258

Average RSS ( k = 21 ): 0.8655699176354519 
Clustering Time: 187.47280669212341308594 seconds

Cluster 	 RSS        	 Centroid Doc
0       	 0.743806     	 396
1       	 1.694497     	 395
2       	 2.406309     	 77
3       	 3.254648     	 126
4       	 4.127070     	 259
5       	 4.972041     	 361
6       	 5.848357     	 142
7       	 6.750565     	 216
8       	 7.629661     	 356
9       	 8.414046     	 164
10       	 9.260557     	 84
11       	 10.109324     	 104
12       	 11.019407     	 420
13       	 11.636432     	 205
14       	 12.537796     	 298
15       	 13.350403     	 51
16       	 14.212218     	 124
17       	 15.102941     	 186
18       	 15.914160     	 135
19       	 16.753514     	 189
20       	 17.645351     	 364
21       	 18.448660     	 122

Cluster 	 RSS        	 Centroid Doc
0       	 0.925118     	 35
1       	 1.797408     	 365
2       	 2.718071     	 399
3       	 3.569596     	 9
4       	 4.465835     	 319
5       	 5.272351     	 23
6       	 6.177159     	 209
7       	 7.039686     	 222
8       	 7.922817     	 194
9       	 8.768594     	 302
10       	 9.651551     	 139
11       	 10.524406     	 408
12       	 11.449523     	 219
13       	 12.329398     	 43
14       	 13.234569     	 40
15       	 14.128211     	 167
16       	 14.948549     	 49
17       	 15.825582     	 188
18       	 16.713214     	 236
19       	 17.548999     	 123
20       	 18.458168     	 108
21       	 19.343074     	 136

Cluster 	 RSS        	 Centroid Doc
0       	 0.831403     	 50
1       	 1.711743     	 160
2       	 2.513270     	 370
3       	 3.393201     	 71
4       	 4.195564     	 129
5       	 5.122957     	 142
6       	 6.026527     	 27
7       	 6.909908     	 216
8       	 7.841346     	 396
9       	 8.747858     	 164
10       	 9.658172     	 82
11       	 10.465861     	 243
12       	 11.339077     	 420
13       	 12.215364     	 301
14       	 13.096955     	 51
15       	 13.951318     	 162
16       	 14.805367     	 380
17       	 15.799632     	 281
18       	 16.635508     	 215
19       	 17.529321     	 259
20       	 18.313032     	 364
21       	 19.100860     	 122

Cluster 	 RSS        	 Centroid Doc
0       	 0.897007     	 35
1       	 1.705030     	 16
2       	 2.645504     	 317
3       	 3.500530     	 131
4       	 4.353228     	 319
5       	 5.210382     	 199
6       	 6.015545     	 209
7       	 6.878771     	 222
8       	 7.778673     	 200
9       	 8.633813     	 287
10       	 9.529164     	 139
11       	 10.430933     	 153
12       	 11.343120     	 219
13       	 12.242384     	 302
14       	 13.144237     	 40
15       	 14.045457     	 9
16       	 14.933423     	 49
17       	 15.649145     	 250
18       	 16.552398     	 186
19       	 17.382939     	 123
20       	 18.256721     	 128
21       	 19.127923     	 233

Cluster 	 RSS        	 Centroid Doc
0       	 0.851707     	 50
1       	 1.771936     	 361
2       	 2.620746     	 177
3       	 3.518659     	 205
4       	 4.317911     	 212
5       	 5.183373     	 142
6       	 6.036694     	 27
7       	 6.893792     	 370
8       	 7.768245     	 207
9       	 8.645593     	 164
10       	 9.553344     	 281
11       	 10.435223     	 301
12       	 11.060602     	 56
13       	 11.978954     	 39
14       	 12.856381     	 162
15       	 13.699669     	 76
16       	 14.577442     	 380
17       	 15.459443     	 285
18       	 16.345425     	 215
19       	 17.270427     	 259
20       	 18.153046     	 228
21       	 19.008184     	 122

Average RSS ( k = 22 ): 0.8638972775320644 
Clustering Time: 196.54063010215759277344 seconds

Cluster 	 RSS        	 Centroid Doc
0       	 0.603288     	 67
1       	 1.345027     	 164
2       	 2.323202     	 83
3       	 3.138807     	 145
4       	 3.859760     	 197
5       	 4.738948     	 20
6       	 5.641771     	 15
7       	 6.452030     	 186
8       	 7.264144     	 142
9       	 8.048779     	 258
10       	 8.896415     	 111
11       	 9.735592     	 122
12       	 10.528184     	 61
13       	 11.387245     	 259
14       	 12.195316     	 329
15       	 13.002576     	 12
16       	 13.853899     	 236
17       	 14.706250     	 202
18       	 15.476530     	 112
19       	 16.329010     	 135
20       	 17.193549     	 128
21       	 18.104638     	 281
22       	 18.925220     	 81

Cluster 	 RSS        	 Centroid Doc
0       	 0.884744     	 238
1       	 1.590253     	 32
2       	 2.369652     	 57
3       	 3.262006     	 364
4       	 4.159290     	 34
5       	 5.044714     	 379
6       	 5.941543     	 196
7       	 6.787123     	 56
8       	 7.693564     	 117
9       	 8.611818     	 335
10       	 9.470791     	 149
11       	 10.170725     	 272
12       	 10.963352     	 104
13       	 11.802964     	 367
14       	 12.637327     	 204
15       	 13.530726     	 219
16       	 14.350869     	 386
17       	 15.285381     	 199
18       	 16.206614     	 36
19       	 17.070578     	 301
20       	 17.947706     	 206
21       	 18.700224     	 371
22       	 19.598752     	 363

Cluster 	 RSS        	 Centroid Doc
0       	 0.910483     	 160
1       	 1.806929     	 108
2       	 2.687826     	 186
3       	 3.403957     	 291
4       	 4.309627     	 50
5       	 5.202834     	 103
6       	 6.049778     	 105
7       	 6.922641     	 213
8       	 7.793938     	 216
9       	 8.638592     	 179
10       	 9.555631     	 189
11       	 10.487588     	 396
12       	 11.354214     	 61
13       	 12.168110     	 28
14       	 13.033598     	 65
15       	 13.845497     	 154
16       	 14.718772     	 198
17       	 15.510309     	 202
18       	 16.384773     	 171
19       	 17.239409     	 362
20       	 18.110682     	 128
21       	 18.993596     	 15
22       	 19.882072     	 81

Cluster 	 RSS        	 Centroid Doc
0       	 0.836089     	 16
1       	 1.702330     	 363
2       	 2.552586     	 56
3       	 3.478415     	 281
4       	 4.353516     	 162
5       	 5.210003     	 3
6       	 6.058542     	 124
7       	 6.888988     	 319
8       	 7.702424     	 282
9       	 8.563677     	 223
10       	 9.281634     	 149
11       	 10.128169     	 421
12       	 10.954429     	 236
13       	 11.824460     	 36
14       	 12.716573     	 204
15       	 13.652758     	 272
16       	 14.519713     	 136
17       	 15.442459     	 38
18       	 16.137510     	 414
19       	 17.019756     	 104
20       	 17.831132     	 190
21       	 18.653165     	 225
22       	 19.519308     	 379

Cluster 	 RSS        	 Centroid Doc
0       	 0.910397     	 40
1       	 1.792975     	 108
2       	 2.651588     	 186
3       	 3.125324     	 371
4       	 4.017502     	 67
5       	 4.828158     	 103
6       	 5.605291     	 49
7       	 6.429462     	 362
8       	 7.308214     	 200
9       	 8.198777     	 18
10       	 9.132600     	 30
11       	 10.009262     	 178
12       	 10.729678     	 238
13       	 11.580146     	 361
14       	 12.438236     	 148
15       	 13.366762     	 419
16       	 14.081928     	 269
17       	 15.021913     	 197
18       	 15.886580     	 171
19       	 16.757286     	 395
20       	 17.613400     	 291
21       	 18.502693     	 356
22       	 19.384539     	 313

Average RSS ( k = 23 ): 0.846172956165254 
Clustering Time: 205.71404361724853515625 seconds

Cluster 	 RSS        	 Centroid Doc
0       	 0.903262     	 248
1       	 1.825361     	 73
2       	 2.664662     	 77
3       	 3.135559     	 83
4       	 3.999231     	 152
5       	 4.681645     	 128
6       	 5.478171     	 275
7       	 6.289424     	 58
8       	 7.127992     	 65
9       	 7.839870     	 235
10       	 8.629061     	 250
11       	 9.512148     	 281
12       	 10.174848     	 91
13       	 10.950617     	 49
14       	 11.795417     	 136
15       	 12.664826     	 364
16       	 13.488987     	 207
17       	 14.369695     	 204
18       	 14.829103     	 225
19       	 15.566780     	 162
20       	 16.430660     	 395
21       	 17.183774     	 175
22       	 18.067514     	 236
23       	 18.067514     	 259

Cluster 	 RSS        	 Centroid Doc
0       	 0.869039     	 144
1       	 1.768696     	 335
2       	 2.648658     	 161
3       	 3.488802     	 391
4       	 4.402075     	 356
5       	 5.261252     	 417
6       	 6.135726     	 160
7       	 6.926151     	 219
8       	 7.792050     	 7
9       	 8.713807     	 94
10       	 9.571585     	 388
11       	 10.198975     	 392
12       	 11.095341     	 172
13       	 11.955418     	 124
14       	 12.730768     	 96
15       	 13.567217     	 382
16       	 14.369109     	 125
17       	 15.245385     	 212
18       	 16.138410     	 241
19       	 17.028223     	 361
20       	 17.835312     	 322
21       	 18.738649     	 29
22       	 19.538336     	 177
23       	 20.331905     	 268

Cluster 	 RSS        	 Centroid Doc
0       	 0.858511     	 73
1       	 1.691108     	 217
2       	 2.523992     	 316
3       	 3.390788     	 83
4       	 4.264104     	 152
5       	 5.185547     	 247
6       	 5.932295     	 350
7       	 6.632113     	 56
8       	 7.472082     	 198
9       	 8.283630     	 228
10       	 9.232317     	 235
11       	 10.089486     	 15
12       	 11.035134     	 91
13       	 11.858820     	 284
14       	 12.734039     	 135
15       	 13.659725     	 162
16       	 14.464588     	 126
17       	 15.331834     	 200
18       	 16.154290     	 138
19       	 16.788312     	 346
20       	 17.675713     	 175
21       	 18.510881     	 171
22       	 19.409961     	 209
23       	 20.253337     	 259

Cluster 	 RSS        	 Centroid Doc
0       	 0.895753     	 363
1       	 1.777643     	 356
2       	 2.614066     	 264
3       	 3.471861     	 391
4       	 4.343311     	 142
5       	 5.182547     	 417
6       	 6.059715     	 301
7       	 6.938842     	 58
8       	 7.822297     	 1
9       	 8.720008     	 172
10       	 9.633556     	 108
11       	 10.491232     	 388
12       	 11.375103     	 339
13       	 12.203194     	 124
14       	 13.019724     	 236
15       	 13.889279     	 96
16       	 14.713359     	 60
17       	 15.511879     	 207
18       	 16.402198     	 241
19       	 17.012438     	 361
20       	 17.874950     	 322
21       	 18.746217     	 29
22       	 19.628197     	 421
23       	 20.374597     	 268

Cluster 	 RSS        	 Centroid Doc
0       	 0.873518     	 9
1       	 1.745154     	 119
2       	 2.637597     	 164
3       	 3.505736     	 83
4       	 4.353821     	 311
5       	 5.270901     	 335
6       	 6.160163     	 281
7       	 6.980719     	 56
8       	 7.869896     	 160
9       	 8.762434     	 162
10       	 9.586552     	 364
11       	 10.521934     	 249
12       	 11.387905     	 225
13       	 12.164237     	 49
14       	 12.943694     	 43
15       	 13.768164     	 61
16       	 14.649007     	 209
17       	 15.515813     	 27
18       	 16.269020     	 238
19       	 17.073772     	 346
20       	 17.978473     	 395
21       	 18.865592     	 171
22       	 19.733453     	 319
23       	 20.588259     	 259

Average RSS ( k = 24 ): 0.8301300938730127 
Clustering Time: 214.89954781532287597656 seconds

Cluster 	 RSS        	 Centroid Doc
0       	 0.775273     	 51
1       	 1.568886     	 352
2       	 2.308696     	 316
3       	 3.165406     	 196
4       	 3.970852     	 189
5       	 4.810068     	 236
6       	 5.484220     	 137
7       	 6.262888     	 111
8       	 7.182784     	 392
9       	 8.020717     	 7
10       	 8.764718     	 105
11       	 9.225880     	 50
12       	 10.174526     	 223
13       	 10.987388     	 56
14       	 11.783692     	 385
15       	 12.504637     	 15
16       	 13.337015     	 399
17       	 14.108449     	 380
18       	 14.792424     	 248
19       	 15.499387     	 245
20       	 16.249838     	 281
21       	 17.105122     	 364
22       	 17.975518     	 104
23       	 18.806535     	 186
24       	 19.567015     	 180

Cluster 	 RSS        	 Centroid Doc
0       	 0.874838     	 391
1       	 1.745240     	 250
2       	 2.521329     	 175
3       	 3.369484     	 48
4       	 4.217746     	 13
5       	 4.922599     	 329
6       	 5.840157     	 150
7       	 6.617989     	 243
8       	 7.490085     	 207
9       	 8.376881     	 40
10       	 9.265417     	 317
11       	 10.136609     	 401
12       	 11.021938     	 229
13       	 11.902573     	 113
14       	 12.804227     	 67
15       	 13.617917     	 128
16       	 14.546414     	 336
17       	 15.367599     	 361
18       	 16.252979     	 259
19       	 17.155769     	 338
20       	 17.632278     	 83
21       	 18.491324     	 284
22       	 19.335020     	 61
23       	 20.063924     	 276
24       	 20.947053     	 357

Cluster 	 RSS        	 Centroid Doc
0       	 0.805611     	 219
1       	 1.655112     	 352
2       	 2.530851     	 316
3       	 3.432242     	 105
4       	 4.300466     	 189
5       	 5.149821     	 171
6       	 6.018921     	 183
7       	 6.896081     	 153
8       	 7.734707     	 392
9       	 8.608780     	 298
10       	 9.392652     	 416
11       	 10.280285     	 199
12       	 11.187905     	 137
13       	 12.050371     	 56
14       	 12.871859     	 345
15       	 13.680826     	 395
16       	 14.585700     	 287
17       	 15.407580     	 380
18       	 15.852635     	 283
19       	 16.747042     	 50
20       	 17.502021     	 248
21       	 18.325386     	 364
22       	 18.964819     	 162
23       	 19.972112     	 163
24       	 20.745506     	 341

Cluster 	 RSS        	 Centroid Doc
0       	 0.626787     	 331
1       	 1.468508     	 250
2       	 2.210247     	 164
3       	 3.047980     	 196
4       	 3.879487     	 160
5       	 4.617452     	 328
6       	 5.522498     	 399
7       	 6.358674     	 213
8       	 7.230208     	 207
9       	 8.106388     	 72
10       	 9.013270     	 329
11       	 9.877841     	 408
12       	 10.797000     	 229
13       	 11.655152     	 71
14       	 12.528328     	 336
15       	 13.320102     	 124
16       	 14.168015     	 108
17       	 15.000527     	 361
18       	 15.907839     	 13
19       	 16.759032     	 74
20       	 17.628488     	 211
21       	 18.482588     	 284
22       	 19.307812     	 61
23       	 20.225542     	 247
24       	 21.104665     	 338

Cluster 	 RSS        	 Centroid Doc
0       	 0.902532     	 364
1       	 1.763171     	 352
2       	 2.551581     	 162
3       	 3.413199     	 34
4       	 4.271910     	 189
5       	 5.192316     	 81
6       	 6.028890     	 199
7       	 6.812952     	 153
8       	 7.676366     	 200
9       	 8.609200     	 163
10       	 9.454620     	 136
11       	 10.282067     	 413
12       	 11.194647     	 209
13       	 12.035996     	 198
14       	 12.938007     	 238
15       	 13.710615     	 296
16       	 14.445682     	 287
17       	 15.232534     	 380
18       	 16.111574     	 94
19       	 16.974072     	 222
20       	 17.833992     	 281
21       	 18.664751     	 363
22       	 19.422390     	 102
23       	 20.210088     	 51
24       	 21.134356     	 3

Average RSS ( k = 25 ): 0.827988763482362 
Clustering Time: 223.69198679924011230469 seconds

Cluster 	 RSS        	 Centroid Doc
0       	 0.815157     	 178
1       	 1.643419     	 200
2       	 2.507442     	 268
3       	 3.392325     	 259
4       	 3.872004     	 136
5       	 4.762702     	 124
6       	 5.583416     	 357
7       	 6.456282     	 374
8       	 6.924798     	 316
9       	 7.784547     	 41
10       	 8.676539     	 281
11       	 9.482288     	 58
12       	 10.347655     	 395
13       	 11.098667     	 163
14       	 11.778474     	 186
15       	 12.620394     	 420
16       	 13.313469     	 298
17       	 14.158882     	 302
18       	 15.035222     	 213
19       	 15.879623     	 219
20       	 16.707026     	 3
21       	 17.406398     	 222
22       	 18.338070     	 367
23       	 19.180238     	 83
24       	 19.980364     	 125
25       	 20.821416     	 313

Cluster 	 RSS        	 Centroid Doc
0       	 0.876086     	 196
1       	 1.734808     	 419
2       	 2.655699     	 378
3       	 3.507922     	 277
4       	 4.376094     	 223
5       	 5.228950     	 17
6       	 6.109195     	 135
7       	 7.014079     	 284
8       	 7.837501     	 319
9       	 8.747777     	 217
10       	 9.453921     	 260
11       	 10.318665     	 39
12       	 11.184754     	 365
13       	 12.108056     	 76
14       	 12.973398     	 113
15       	 13.847326     	 189
16       	 14.749554     	 370
17       	 15.622639     	 346
18       	 16.455408     	 329
19       	 17.278463     	 373
20       	 18.117803     	 161
21       	 18.930761     	 160
22       	 19.809964     	 199
23       	 20.667367     	 228
24       	 21.517944     	 142
25       	 22.437767     	 236

Cluster 	 RSS        	 Centroid Doc
0       	 0.841114     	 105
1       	 1.710552     	 420
2       	 2.508280     	 108
3       	 3.373923     	 259
4       	 4.268013     	 136
5       	 5.126786     	 124
6       	 5.921071     	 2
7       	 6.743430     	 127
8       	 7.549369     	 316
9       	 8.440545     	 50
10       	 9.381588     	 374
11       	 10.247285     	 164
12       	 11.066925     	 357
13       	 11.943408     	 117
14       	 12.807040     	 186
15       	 13.537625     	 249
16       	 14.356166     	 14
17       	 15.150265     	 197
18       	 15.781686     	 126
19       	 16.693993     	 29
20       	 17.552565     	 84
21       	 18.319185     	 111
22       	 19.133105     	 367
23       	 20.011102     	 298
24       	 20.880186     	 58
25       	 21.328003     	 381

Cluster 	 RSS        	 Centroid Doc
0       	 0.847663     	 196
1       	 1.719124     	 392
2       	 2.540374     	 181
3       	 3.314673     	 61
4       	 4.132000     	 223
5       	 4.916046     	 320
6       	 5.736842     	 250
7       	 6.623396     	 91
8       	 7.410275     	 71
9       	 8.203451     	 172
10       	 9.092547     	 178
11       	 9.800367     	 21
12       	 10.669657     	 123
13       	 11.531353     	 212
14       	 12.366613     	 1
15       	 13.259598     	 216
16       	 14.143932     	 161
17       	 15.013624     	 345
18       	 15.489239     	 329
19       	 16.354906     	 232
20       	 17.130279     	 15
21       	 17.951911     	 311
22       	 18.810973     	 199
23       	 19.677512     	 66
24       	 20.457584     	 188
25       	 21.390501     	 104

Cluster 	 RSS        	 Centroid Doc
0       	 0.823909     	 105
1       	 1.654051     	 420
2       	 2.539411     	 13
3       	 3.173833     	 259
4       	 4.010200     	 5
5       	 4.873545     	 12
6       	 5.722943     	 2
7       	 6.571332     	 349
8       	 7.410831     	 316
9       	 8.256147     	 197
10       	 9.089740     	 296
11       	 10.022160     	 357
12       	 10.908400     	 335
13       	 11.721898     	 319
14       	 12.596001     	 241
15       	 13.298769     	 249
16       	 14.164299     	 414
17       	 15.074734     	 268
18       	 15.899651     	 165
19       	 16.819463     	 375
20       	 17.649754     	 298
21       	 18.490833     	 282
22       	 19.201475     	 219
23       	 20.083006     	 136
24       	 20.966799     	 204
25       	 21.780527     	 36

Average RSS ( k = 26 ): 0.828909341917987 
Clustering Time: 232.60820841789245605469 seconds

Cluster 	 RSS        	 Centroid Doc
0       	 0.470897     	 83
1       	 1.269480     	 111
2       	 2.014122     	 15
3       	 2.882649     	 58
4       	 3.747056     	 222
5       	 4.526226     	 94
6       	 5.303247     	 165
7       	 6.138689     	 109
8       	 7.009044     	 364
9       	 7.850289     	 186
10       	 8.679538     	 316
11       	 9.279715     	 145
12       	 10.139820     	 422
13       	 11.038570     	 275
14       	 11.864316     	 350
15       	 12.645793     	 339
16       	 13.433520     	 2
17       	 14.270524     	 311
18       	 15.238055     	 262
19       	 15.951027     	 183
20       	 16.870344     	 171
21       	 17.660376     	 164
22       	 18.411152     	 281
23       	 19.248228     	 411
24       	 20.051250     	 357
25       	 20.884224     	 329
26       	 21.672050     	 319

Cluster 	 RSS        	 Centroid Doc
0       	 0.623064     	 61
1       	 1.452649     	 195
2       	 2.331896     	 170
3       	 3.138278     	 24
4       	 3.974514     	 207
5       	 4.826383     	 198
6       	 5.710652     	 245
7       	 6.597258     	 96
8       	 7.458129     	 226
9       	 8.264925     	 159
10       	 9.055223     	 196
11       	 9.958906     	 391
12       	 10.852337     	 266
13       	 11.699525     	 177
14       	 12.608854     	 86
15       	 13.497387     	 346
16       	 14.377271     	 28
17       	 15.264926     	 104
18       	 16.108277     	 296
19       	 17.012842     	 34
20       	 17.827523     	 77
21       	 18.660308     	 287
22       	 19.132254     	 392
23       	 20.023501     	 9
24       	 20.978198     	 180
25       	 21.840305     	 236
26       	 22.707063     	 308

Cluster 	 RSS        	 Centroid Doc
0       	 0.858220     	 151
1       	 1.749399     	 111
2       	 2.611879     	 264
3       	 3.489527     	 165
4       	 4.278656     	 57
5       	 5.161470     	 94
6       	 6.039926     	 380
7       	 6.864878     	 164
8       	 7.755518     	 241
9       	 8.652422     	 171
10       	 9.458293     	 316
11       	 10.316122     	 145
12       	 11.198552     	 189
13       	 12.080652     	 350
14       	 13.025009     	 92
15       	 13.759796     	 361
16       	 14.579067     	 128
17       	 15.381301     	 327
18       	 16.284595     	 2
19       	 16.983707     	 231
20       	 17.873231     	 149
21       	 18.655623     	 125
22       	 19.459211     	 222
23       	 20.271314     	 302
24       	 21.056678     	 396
25       	 21.839111     	 329
26       	 22.697458     	 319

Cluster 	 RSS        	 Centroid Doc
0       	 0.852209     	 61
1       	 1.481035     	 220
2       	 2.343507     	 343
3       	 3.232639     	 40
4       	 4.131354     	 82
5       	 4.976556     	 198
6       	 5.847188     	 234
7       	 6.677552     	 96
8       	 7.525336     	 238
9       	 8.338631     	 77
10       	 9.150441     	 196
11       	 10.018740     	 13
12       	 10.668660     	 314
13       	 11.566896     	 153
14       	 12.466703     	 226
15       	 13.249658     	 346
16       	 14.044489     	 395
17       	 14.970727     	 159
18       	 15.851994     	 28
19       	 16.706533     	 136
20       	 17.603854     	 75
21       	 18.495414     	 281
22       	 19.342892     	 118
23       	 20.255477     	 152
24       	 21.092594     	 266
25       	 21.929879     	 236
26       	 22.771487     	 308

Cluster 	 RSS        	 Centroid Doc
0       	 0.809160     	 122
1       	 1.722404     	 151
2       	 2.501350     	 202
3       	 3.287272     	 165
4       	 4.171998     	 57
5       	 5.012823     	 380
6       	 5.849525     	 80
7       	 6.646127     	 23
8       	 7.424138     	 316
9       	 8.285157     	 205
10       	 9.082807     	 16
11       	 9.934286     	 259
12       	 10.870027     	 15
13       	 11.713228     	 287
14       	 12.586401     	 364
15       	 13.326156     	 361
16       	 13.965323     	 324
17       	 14.788112     	 171
18       	 15.620917     	 2
19       	 15.988244     	 225
20       	 16.877688     	 164
21       	 17.510182     	 125
22       	 18.295084     	 331
23       	 19.080467     	 199
24       	 19.916714     	 247
25       	 20.594145     	 389
26       	 21.441451     	 319

Average RSS ( k = 27 ): 0.8243667347615921 
Clustering Time: 241.77268242835998535156 seconds

Cluster 	 RSS        	 Centroid Doc
0       	 0.892394     	 164
1       	 1.696586     	 124
2       	 2.469767     	 316
3       	 3.262912     	 80
4       	 4.240180     	 122
5       	 5.073697     	 94
6       	 5.073697     	 178
7       	 5.820496     	 202
8       	 6.601863     	 183
9       	 7.463699     	 110
10       	 8.295956     	 128
11       	 9.091222     	 361
12       	 9.812505     	 105
13       	 10.606310     	 213
14       	 11.063867     	 273
15       	 11.534764     	 61
16       	 12.263233     	 362
17       	 13.092546     	 186
18       	 13.857400     	 421
19       	 14.646729     	 422
20       	 15.341991     	 207
21       	 16.014592     	 281
22       	 16.808281     	 250
23       	 17.601181     	 14
24       	 18.425441     	 111
25       	 19.241963     	 129
26       	 20.068843     	 3
27       	 20.885818     	 189

Cluster 	 RSS        	 Centroid Doc
0       	 0.788551     	 197
1       	 1.623882     	 43
2       	 2.259588     	 209
3       	 3.180481     	 241
4       	 3.939552     	 248
5       	 4.713518     	 335
6       	 5.598889     	 212
7       	 6.517654     	 126
8       	 7.411716     	 357
9       	 8.287585     	 236
10       	 9.172593     	 364
11       	 9.994183     	 380
12       	 10.894973     	 84
13       	 11.773753     	 211
14       	 12.665551     	 119
15       	 13.422451     	 91
16       	 14.309553     	 104
17       	 14.995717     	 343
18       	 15.872293     	 9
19       	 16.771012     	 266
20       	 17.635498     	 109
21       	 18.265262     	 292
22       	 19.123978     	 338
23       	 20.007833     	 233
24       	 20.794938     	 59
25       	 21.625048     	 225
26       	 22.318511     	 77
27       	 23.018109     	 97

Cluster 	 RSS        	 Centroid Doc
0       	 0.778370     	 164
1       	 1.622159     	 124
2       	 2.522548     	 22
3       	 3.161939     	 238
4       	 4.010806     	 122
5       	 4.811780     	 94
6       	 5.672180     	 199
7       	 6.300210     	 221
8       	 7.198583     	 183
9       	 7.914270     	 242
10       	 8.742601     	 95
11       	 9.572494     	 80
12       	 10.368109     	 37
13       	 11.196442     	 388
14       	 12.073293     	 86
15       	 12.972328     	 1
16       	 13.711154     	 276
17       	 14.598605     	 128
18       	 15.423653     	 399
19       	 16.320080     	 422
20       	 17.159074     	 395
21       	 18.078882     	 178
22       	 18.968400     	 29
23       	 19.808839     	 171
24       	 20.682212     	 275
25       	 21.539243     	 359
26       	 22.446312     	 160
27       	 23.339280     	 81

Cluster 	 RSS        	 Centroid Doc
0       	 0.788720     	 197
1       	 1.568755     	 49
2       	 2.441984     	 8
3       	 3.262395     	 248
4       	 3.973643     	 136
5       	 4.835180     	 59
6       	 5.576160     	 212
7       	 6.432782     	 207
8       	 7.189952     	 291
9       	 8.016091     	 343
10       	 8.871996     	 125
11       	 9.744801     	 380
12       	 10.657431     	 281
13       	 11.550342     	 217
14       	 12.437992     	 119
15       	 13.247486     	 277
16       	 14.219595     	 97
17       	 14.840957     	 332
18       	 15.652170     	 336
19       	 16.501644     	 266
20       	 17.321122     	 339
21       	 18.188082     	 82
22       	 19.072454     	 352
23       	 19.761192     	 232
24       	 20.500118     	 216
25       	 21.401793     	 165
26       	 22.155602     	 110
27       	 23.006645     	 66

Cluster 	 RSS        	 Centroid Doc
0       	 0.840083     	 108
1       	 1.704300     	 150
2       	 2.551247     	 27
3       	 3.348843     	 149
4       	 3.908175     	 115
5       	 4.759269     	 94
6       	 5.547246     	 218
7       	 6.268034     	 402
8       	 7.170815     	 388
9       	 8.042129     	 242
10       	 8.822551     	 56
11       	 9.644685     	 324
12       	 10.277748     	 389
13       	 11.142306     	 230
14       	 11.990370     	 76
15       	 12.848645     	 92
16       	 13.720434     	 189
17       	 14.624067     	 395
18       	 15.436667     	 20
19       	 16.331199     	 422
20       	 17.093150     	 302
21       	 17.970394     	 178
22       	 18.802553     	 18
23       	 19.709719     	 204
24       	 20.466099     	 161
25       	 21.303814     	 72
26       	 22.201982     	 188
27       	 23.039849     	 164

Average RSS ( k = 28 ): 0.8092121504728056 
Clustering Time: 250.46444773674011230469 seconds

Cluster 	 RSS        	 Centroid Doc
0       	 0.866517     	 408
1       	 1.786547     	 135
2       	 2.638991     	 62
3       	 3.415097     	 216
4       	 4.311278     	 162
5       	 5.086837     	 356
6       	 5.976437     	 164
7       	 6.828478     	 259
8       	 7.668560     	 302
9       	 8.534536     	 213
10       	 9.369576     	 335
11       	 10.180374     	 96
12       	 11.020343     	 124
13       	 11.822488     	 411
14       	 12.636039     	 219
15       	 13.362505     	 186
16       	 13.831711     	 313
17       	 14.713069     	 281
18       	 15.537619     	 1
19       	 16.463249     	 199
20       	 17.238718     	 18
21       	 18.096269     	 7
22       	 18.861732     	 157
23       	 19.698039     	 236
24       	 20.470844     	 231
25       	 21.270119     	 316
26       	 22.079395     	 243
27       	 22.895582     	 183
28       	 23.671811     	 153

Cluster 	 RSS        	 Centroid Doc
0       	 0.851278     	 247
1       	 1.715576     	 301
2       	 2.548876     	 200
3       	 3.395447     	 160
4       	 4.265721     	 308
5       	 5.114898     	 234
6       	 5.869217     	 267
7       	 6.661870     	 115
8       	 7.568634     	 346
9       	 8.405379     	 122
10       	 9.271342     	 217
11       	 10.148227     	 109
12       	 10.994688     	 3
13       	 11.853681     	 209
14       	 12.693063     	 391
15       	 13.540324     	 102
16       	 14.447460     	 127
17       	 15.150065     	 392
18       	 16.039669     	 262
19       	 16.896439     	 152
20       	 17.742842     	 39
21       	 18.566936     	 40
22       	 19.478377     	 163
23       	 20.280025     	 43
24       	 21.179608     	 250
25       	 21.962070     	 71
26       	 22.854583     	 36
27       	 23.697349     	 420
28       	 24.573858     	 323

Cluster 	 RSS        	 Centroid Doc
0       	 0.810864     	 408
1       	 1.677496     	 313
2       	 2.406660     	 62
3       	 3.250826     	 189
4       	 4.131207     	 357
5       	 4.988599     	 18
6       	 5.878407     	 195
7       	 6.782905     	 162
8       	 7.625112     	 79
9       	 8.432557     	 51
10       	 9.317884     	 399
11       	 10.165613     	 83
12       	 10.910828     	 133
13       	 11.739664     	 316
14       	 12.481811     	 219
15       	 13.435395     	 324
16       	 14.210286     	 338
17       	 15.076756     	 222
18       	 15.917525     	 1
19       	 16.757194     	 199
20       	 17.620770     	 257
21       	 18.428854     	 7
22       	 19.147442     	 363
23       	 19.977315     	 124
24       	 20.787392     	 285
25       	 21.609413     	 395
26       	 22.427834     	 225
27       	 23.294416     	 171
28       	 24.191808     	 108

Cluster 	 RSS        	 Centroid Doc
0       	 0.794340     	 247
1       	 1.648384     	 125
2       	 2.502494     	 204
3       	 3.296119     	 160
4       	 4.097275     	 10
5       	 4.966558     	 27
6       	 5.870268     	 59
7       	 6.742796     	 361
8       	 7.612187     	 346
9       	 8.483918     	 335
10       	 9.299745     	 148
11       	 10.134654     	 122
12       	 11.021563     	 161
13       	 11.770979     	 238
14       	 12.608067     	 391
15       	 13.473827     	 72
16       	 14.363650     	 196
17       	 15.159170     	 207
18       	 16.046161     	 165
19       	 16.872678     	 152
20       	 17.745433     	 217
21       	 18.590357     	 40
22       	 19.485864     	 299
23       	 20.239376     	 100
24       	 21.093125     	 151
25       	 21.899022     	 43
26       	 22.790548     	 36
27       	 23.601310     	 89
28       	 24.347221     	 287

Cluster 	 RSS        	 Centroid Doc
0       	 0.793821     	 83
1       	 1.661646     	 281
2       	 2.519148     	 370
3       	 3.317972     	 189
4       	 4.218792     	 212
5       	 5.067859     	 178
6       	 5.931675     	 411
7       	 6.404330     	 216
8       	 7.218247     	 60
9       	 7.960264     	 352
10       	 8.823798     	 242
11       	 9.569923     	 403
12       	 10.400769     	 69
13       	 11.246824     	 183
14       	 11.868674     	 219
15       	 12.803738     	 340
16       	 13.587524     	 74
17       	 14.444525     	 222
18       	 15.266055     	 388
19       	 16.109821     	 345
20       	 16.994580     	 162
21       	 17.832470     	 84
22       	 18.697320     	 51
23       	 19.567430     	 186
24       	 20.436261     	 61
25       	 21.322876     	 236
26       	 22.172221     	 104
27       	 23.070821     	 199
28       	 23.946571     	 108

Average RSS ( k = 29 ): 0.8326294342012179 
Clustering Time: 259.87129831314086914062 seconds

Cluster 	 RSS        	 Centroid Doc
0       	 0.593143     	 250
1       	 1.301057     	 247
2       	 1.769269     	 111
3       	 2.628136     	 81
4       	 3.448798     	 108
5       	 4.287589     	 319
6       	 5.098692     	 316
7       	 5.837700     	 149
8       	 6.503233     	 95
9       	 7.170538     	 133
10       	 7.824700     	 56
11       	 8.464401     	 171
12       	 9.330031     	 138
13       	 10.130555     	 337
14       	 10.600716     	 164
15       	 11.404557     	 142
16       	 12.342070     	 219
17       	 12.929648     	 285
18       	 13.754651     	 136
19       	 14.580683     	 27
20       	 15.498717     	 200
21       	 16.154969     	 39
22       	 16.959269     	 59
23       	 17.779666     	 365
24       	 18.535291     	 236
25       	 19.305887     	 186
26       	 20.129147     	 422
27       	 20.973588     	 281
28       	 21.633440     	 50
29       	 21.633440     	 135

Cluster 	 RSS        	 Centroid Doc
0       	 0.833568     	 360
1       	 1.635082     	 128
2       	 2.381923     	 243
3       	 3.260357     	 83
4       	 4.131381     	 363
5       	 4.939913     	 383
6       	 5.745638     	 196
7       	 6.656572     	 230
8       	 7.561595     	 61
9       	 8.452620     	 222
10       	 9.329808     	 58
11       	 10.158924     	 170
12       	 11.059583     	 241
13       	 11.946180     	 345
14       	 12.736514     	 213
15       	 13.591623     	 207
16       	 14.352069     	 91
17       	 15.233363     	 29
18       	 16.059524     	 339
19       	 16.841796     	 259
20       	 17.709765     	 127
21       	 18.561370     	 211
22       	 19.434494     	 7
23       	 20.279634     	 361
24       	 20.988804     	 118
25       	 21.779602     	 18
26       	 22.653074     	 51
27       	 23.125019     	 392
28       	 23.970635     	 84
29       	 24.804511     	 104

Cluster 	 RSS        	 Centroid Doc
0       	 0.890988     	 250
1       	 1.623978     	 247
2       	 2.473005     	 160
3       	 3.261424     	 122
4       	 4.132079     	 299
5       	 5.051591     	 43
6       	 5.877223     	 3
7       	 6.762867     	 189
8       	 7.550602     	 94
9       	 8.388638     	 324
10       	 9.195718     	 219
11       	 10.053914     	 389
12       	 10.862261     	 138
13       	 11.754770     	 337
14       	 12.625170     	 164
15       	 13.413546     	 239
16       	 14.260164     	 167
17       	 15.109002     	 171
18       	 15.933330     	 368
19       	 16.630516     	 304
20       	 17.482843     	 335
21       	 18.352384     	 126
22       	 19.167091     	 79
23       	 19.984220     	 150
24       	 20.857829     	 124
25       	 21.676315     	 129
26       	 22.527587     	 364
27       	 23.375483     	 95
28       	 24.230898     	 221
29       	 25.041046     	 190

Cluster 	 RSS        	 Centroid Doc
0       	 0.859577     	 118
1       	 1.670773     	 83
2       	 2.418124     	 274
3       	 2.897351     	 61
4       	 3.773743     	 363
5       	 4.645740     	 230
6       	 5.278542     	 196
7       	 5.978069     	 400
8       	 6.715888     	 273
9       	 7.565145     	 243
10       	 8.206416     	 58
11       	 9.062136     	 281
12       	 9.954392     	 212
13       	 10.852994     	 28
14       	 11.682434     	 213
15       	 12.573952     	 405
16       	 13.461086     	 18
17       	 14.235487     	 89
18       	 15.116472     	 356
19       	 16.023411     	 153
20       	 16.806895     	 125
21       	 17.652200     	 60
22       	 18.518809     	 268
23       	 19.432162     	 420
24       	 20.060381     	 49
25       	 20.872620     	 177
26       	 21.341826     	 313
27       	 22.227572     	 51
28       	 23.086963     	 84
29       	 23.916483     	 127

Cluster 	 RSS        	 Centroid Doc
0       	 0.832856     	 142
1       	 1.532660     	 247
2       	 2.428517     	 150
3       	 3.134593     	 311
4       	 4.013889     	 43
5       	 4.895513     	 206
6       	 5.748256     	 136
7       	 6.642133     	 172
8       	 7.475327     	 249
9       	 8.335783     	 324
10       	 8.952808     	 205
11       	 9.657472     	 371
12       	 10.453498     	 319
13       	 11.301223     	 285
14       	 11.992915     	 164
15       	 12.870207     	 361
16       	 13.689306     	 62
17       	 14.584876     	 3
18       	 15.297424     	 217
19       	 15.991044     	 135
20       	 16.856512     	 207
21       	 17.705707     	 138
22       	 18.584571     	 414
23       	 19.407493     	 242
24       	 20.275246     	 200
25       	 21.129993     	 59
26       	 22.022581     	 219
27       	 22.866693     	 395
28       	 23.682507     	 221
29       	 24.520983     	 209

Average RSS ( k = 30 ): 0.7994430908239405 
Clustering Time: 268.60691452026367187500 seconds
